"PID" "POS" "X" "Y"
"1" 1 1 -70 49.5
"2" 1 3 -70 42.5
"3" 1 4 -70 43.865
"4" 1 107 -69.948 43.859
"5" 1 166 -70 43.768
"6" 1 504 -69.854 43.881
"7" 1 754 -69.856 43.704
"8" 1 860 -69.78 43.742
"9" 1 1171 -69.83 43.979
"10" 1 1248 -69.913 43.921
"11" 1 1451 -69.795 44.087
"12" 1 1610 -69.804 43.911
"13" 1 1906 -69.676 43.973
"14" 1 2051 -69.709 43.854
"15" 1 2165 -69.661 43.974
"16" 1 2474 -69.605 43.813
"17" 1 2731 -69.543 44.025
"18" 1 2947 -69.581 43.883
"19" 1 3156 -69.51 43.905
"20" 1 3244 -69.512 43.833
"21" 1 3597 -69.387 44.077
"22" 1 3928 -69.308 43.955
"23" 1 4134 -69.165 44.07
"24" 1 4334 -69.277 43.952
"25" 1 4440 -69.21 43.932
"26" 1 4786 -69.043 44.085
"27" 1 4860 -69.103 44.11
"28" 1 5098 -68.946 44.341
"29" 1 5184 -69.004 44.431
"30" 1 5425 -68.808 44.466
"31" 1 5642 -68.819 44.668
"32" 1 5792 -68.741 44.553
"33" 1 6110 -68.827 44.312
"34" 1 6181 -68.75 44.349
"35" 1 6418 -68.531 44.228
"36" 1 6655 -68.581 44.41
"37" 1 6732 -68.478 44.455
"38" 1 6804 -68.457 44.384
"39" 1 6896 -68.499 44.494
"40" 1 6946 -68.42 44.496
"41" 1 7002 -68.428 44.395
"42" 1 7092 -68.354 44.494
"43" 1 7189 -68.267 44.456
"44" 1 7387 -68.317 44.536
"45" 1 7551 -68.222 44.463
"46" 1 7676 -68.292 44.558
"47" 1 7732 -68.244 44.586
"48" 1 7921 -68.191 44.471
"49" 1 8045 -68.096 44.469
"50" 1 8229 -68.058 44.331
"51" 1 8420 -67.959 44.4
"52" 1 8541 -68.026 44.486
"53" 1 8639 -67.968 44.506
"54" 1 8736 -67.937 44.411
"55" 1 8853 -67.908 44.493
"56" 1 8950 -67.9 44.395
"57" 1 9192 -67.891 44.552
"58" 1 9458 -67.789 44.607
"59" 1 9539 -67.802 44.523
"60" 1 9710 -67.745 44.619
"61" 1 9931 -67.716 44.497
"62" 1 10043 -67.659 44.571
"63" 1 10158 -67.565 44.534
"64" 1 10370 -67.565 44.663
"65" 1 10705 -67.404 44.595
"66" 1 10895 -67.411 44.72
"67" 1 11023 -67.297 44.707
"68" 1 11154 -67.283 44.624
"69" 1 11295 -67.188 44.645
"70" 1 11642 -66.948 44.816
"71" 1 11912 -67.104 44.896
"72" 1 12234 -67.16 44.814
"73" 1 12442 -67.216 44.914
"74" 1 12601 -67.112 44.895
"75" 1 12675 -67.163 44.948
"76" 1 13120 -66.982 44.914
"77" 1 13567 -67.187 45.226
"78" 1 13708 -67.079 45.074
"79" 1 14006 -66.969 45.182
"80" 1 14141 -66.857 45.122
"81" 1 14231 -66.916 45.112
"82" 1 14329 -66.888 45.041
"83" 1 15206 -66.463 45.169
"84" 1 15368 -66.458 45.058
"85" 1 16115 -66.066 45.271
"86" 1 16318 -65.891 45.199
"87" 1 17195 -64.865 45.633
"88" 1 17267 -64.779 45.594
"89" 1 17611 -64.569 45.829
"90" 1 17730 -64.678 45.975
"91" 1 17929 -64.493 45.812
"92" 1 18023 -64.549 45.724
"93" 1 18295 -64.344 45.88
"94" 1 18372 -64.274 45.835
"95" 1 18451 -64.324 45.766
"96" 1 18499 -64.252 45.764
"97" 1 18706 -64.383 45.797
"98" 1 18946 -64.573 45.599
"99" 1 19388 -64.913 45.433
"100" 1 19492 -64.943 45.329
"101" 1 19604 -64.774 45.292
"102" 1 19796 -64.572 45.408
"103" 1 20688 -63.377 45.362
"104" 1 21274 -64.165 45.193
"105" 1 21333 -64.204 45.131
"106" 1 21494 -64.103 45.002
"107" 1 21704 -64.286 45.14
"108" 1 21760 -64.359 45.099
"109" 1 21985 -64.325 45.292
"110" 1 22079 -64.495 45.336
"111" 1 22153 -64.399 45.283
"112" 1 22517 -64.95 45.106
"113" 1 23166 -65.742 44.713
"114" 1 23373 -65.515 44.752
"115" 1 23559 -65.684 44.619
"116" 1 23638 -65.766 44.602
"117" 1 23718 -65.786 44.693
"118" 1 24005 -66.116 44.494
"119" 1 24076 -66.203 44.376
"120" 1 24259 -65.98 44.557
"121" 1 24360 -65.846 44.57
"122" 1 24729 -66.127 44.331
"123" 1 24901 -66.215 44.096
"124" 1 25051 -66.15 44.02
"125" 1 25262 -66.169 43.798
"126" 1 25412 -66.118 43.846
"127" 1 25540 -66.124 43.74
"128" 1 25626 -66.089 43.779
"129" 1 25878 -66.014 43.68
"130" 1 26182 -66.007 43.844
"131" 1 26365 -65.959 43.761
"132" 1 26658 -65.935 43.863
"133" 1 27232 -65.805 43.592
"134" 1 27361 -65.775 43.701
"135" 1 27610 -65.729 43.492
"136" 1 27818 -65.575 43.567
"137" 1 27976 -65.468 43.45
"138" 1 28233 -65.464 43.601
"139" 1 28375 -65.338 43.537
"140" 1 28634 -65.38 43.743
"141" 1 28792 -65.254 43.658
"142" 1 28963 -65.237 43.797
"143" 1 29194 -65.129 43.653
"144" 1 29333 -65.092 43.748
"145" 1 29496 -65.029 43.695
"146" 1 29643 -65.042 43.824
"147" 1 29752 -64.981 43.744
"148" 1 29848 -64.924 43.797
"149" 1 29925 -64.973 43.87
"150" 1 30006 -64.912 43.789
"151" 1 30111 -64.918 43.878
"152" 1 30200 -64.834 43.814
"153" 1 30310 -64.783 43.868
"154" 1 30385 -64.844 43.933
"155" 1 30820 -64.551 44.07
"156" 1 31101 -64.616 44.155
"157" 1 31311 -64.521 44.117
"158" 1 31587 -64.369 44.26
"159" 1 31725 -64.438 44.345
"160" 1 31946 -64.246 44.258
"161" 1 32280 -64.343 44.365
"162" 1 32436 -64.211 44.378
"163" 1 32703 -64.373 44.448
"164" 1 32848 -64.294 44.481
"165" 1 33006 -64.305 44.566
"166" 1 33214 -64.173 44.586
"167" 1 33386 -64.08 44.469
"168" 1 33520 -64.007 44.506
"169" 1 33658 -64.065 44.634
"170" 1 33889 -63.888 44.69
"171" 1 34279 -63.938 44.504
"172" 1 34568 -63.79 44.535
"173" 1 34616 -63.816 44.478
"174" 1 34718 -63.767 44.524
"175" 1 35063 -63.648 44.431
"176" 1 35278 -63.52 44.504
"177" 1 35594 -63.662 44.726
"178" 1 35840 -63.451 44.587
"179" 1 35976 -63.451 44.68
"180" 1 36242 -63.282 44.625
"181" 1 36393 -63.25 44.736
"182" 1 36495 -63.225 44.667
"183" 1 36704 -63.14 44.687
"184" 1 36840 -63.127 44.789
"185" 1 36991 -63.049 44.671
"186" 1 37032 -63.005 44.72
"187" 1 37116 -63.068 44.774
"188" 1 37286 -63 44.695
"189" 1 37483 -62.837 44.702
"190" 1 37639 -62.798 44.763
"191" 1 37724 -62.879 44.813
"192" 1 37955 -62.659 44.771
"193" 1 38130 -62.619 44.844
"194" 1 38217 -62.545 44.786
"195" 1 38305 -62.571 44.866
"196" 1 38450 -62.489 44.89
"197" 1 38494 -62.545 44.922
"198" 1 38629 -62.457 44.82
"199" 1 39164 -62.256 44.972
"200" 1 39536 -62.054 44.955
"201" 1 39582 -62 44.993
"202" 1 39622 -62.098 45.003
"203" 1 39782 -61.947 45.009
"204" 1 39858 -61.978 45.068
"205" 1 39946 -61.882 45.028
"206" 1 40017 -61.958 45.095
"207" 1 40123 -61.854 45.035
"208" 1 40282 -61.845 45.106
"209" 1 40503 -61.653 45.089
"210" 1 40693 -61.795 45.244
"211" 1 40921 -61.6 45.144
"212" 1 41197 -61.311 45.19
"213" 1 41268 -61.387 45.202
"214" 1 41429 -61.28 45.264
"215" 1 41645 -61.174 45.211
"216" 1 41772 -61.171 45.3
"217" 1 41831 -61.117 45.281
"218" 1 41927 -61.156 45.21
"219" 1 42108 -61.042 45.229
"220" 1 42246 -61.042 45.296
"221" 1 42401 -60.982 45.254
"222" 1 42618 -61.015 45.354
"223" 1 42883 -61.492 45.368
"224" 1 42982 -61.519 45.434
"225" 1 43057 -61.486 45.38
"226" 1 43258 -61.228 45.483
"227" 1 43512 -61.484 45.692
"228" 1 43760 -61.621 45.614
"229" 1 44085 -61.888 45.692
"230" 1 44289 -61.96 45.622
"231" 1 44400 -61.891 45.672
"232" 1 44683 -61.923 45.887
"233" 1 45067 -62.467 45.637
"234" 1 45646 -63.11 45.808
"235" 1 45736 -63.063 45.753
"236" 1 45989 -63.281 45.707
"237" 1 46073 -63.385 45.757
"238" 1 46182 -63.233 45.803
"239" 1 46347 -63.517 45.812
"240" 1 46409 -63.424 45.822
"241" 1 46514 -63.467 45.878
"242" 1 46667 -63.74 45.85
"243" 1 46839 -63.864 45.964
"244" 1 47078 -64.101 46.015
"245" 1 47398 -63.792 46.138
"246" 1 47760 -64.137 46.142
"247" 1 47960 -64.265 46.236
"248" 1 48285 -64.558 46.21
"249" 1 48472 -64.538 46.355
"250" 1 48619 -64.71 46.315
"251" 1 48687 -64.612 46.344
"252" 1 48782 -64.637 46.445
"253" 1 48909 -64.724 46.461
"254" 1 48985 -64.691 46.526
"255" 1 49101 -64.608 46.459
"256" 1 49194 -64.714 46.558
"257" 1 49279 -64.718 46.688
"258" 1 49590 -64.871 46.647
"259" 1 49741 -64.911 46.741
"260" 1 49848 -64.816 46.726
"261" 1 50119 -64.99 46.837
"262" 1 50242 -64.909 46.844
"263" 1 50444 -64.796 47.074
"264" 1 50857 -65.236 47.019
"265" 1 50938 -65.206 47.084
"266" 1 51112 -65.418 47.069
"267" 1 51668 -64.963 47.281
"268" 1 51848 -65.021 47.342
"269" 1 51981 -64.924 47.398
"270" 1 52068 -64.914 47.342
"271" 1 52206 -64.859 47.549
"272" 1 52345 -64.922 47.446
"273" 1 52549 -64.923 47.535
"274" 1 52765 -64.777 47.659
"275" 1 52881 -64.856 47.689
"276" 1 53127 -64.665 47.716
"277" 1 53499 -64.844 47.735
"278" 1 53610 -64.805 47.805
"279" 1 53788 -65.075 47.763
"280" 1 53971 -64.964 47.816
"281" 1 54093 -65.193 47.818
"282" 1 54611 -65.67 47.601
"283" 1 54707 -65.621 47.656
"284" 1 54924 -65.83 47.91
"285" 1 55066 -66.089 47.926
"286" 1 55327 -66.382 48.019
"287" 1 55395 -66.363 48.072
"288" 1 55654 -66.794 47.985
"289" 1 55888 -66.47 48.122
"290" 1 56296 -66.089 48.092
"291" 1 56452 -65.903 48.207
"292" 1 56858 -65.449 48.004
"293" 1 56960 -65.243 48.011
"294" 1 57250 -64.969 48.179
"295" 1 57367 -64.775 48.204
"296" 1 57509 -64.672 48.347
"297" 1 57703 -64.316 48.417
"298" 1 57839 -64.204 48.524
"299" 1 57902 -64.288 48.552
"300" 1 57946 -64.272 48.617
"301" 1 58011 -64.166 48.625
"302" 1 58396 -64.554 48.878
"303" 1 58691 -64.162 48.748
"304" 1 58784 -64.2 48.857
"305" 1 59035 -64.475 49.055
"306" 1 59288 -64.854 49.189
"307" 1 59517 -65.549 49.257
"308" 1 59758 -66.171 49.207
"309" 1 60593 -67.547 48.852
"310" 1 61694 -68.817 48.368
"311" 1 62345 -69.509 47.946
"312" 1 62566 -69.636 47.742
"313" 1 62900 -70 47.498
"314" 1 62902 -70 47.703
"315" 1 63308 -69.705 48.1
"316" 1 63582 -69.989 48.257
"317" 1 63847 -69.68 48.137
"318" 1 64153 -69.426 48.297
"319" 1 64433 -69.232 48.572
"320" 1 64495 -69.127 48.579
"321" 1 64688 -69.059 48.771
"322" 1 65146 -68.633 48.902
"323" 1 65248 -68.747 48.941
"324" 1 65309 -68.642 48.931
"325" 1 65485 -68.584 49.06
"326" 1 65632 -68.386 49.142
"327" 1 65748 -68.465 49.044
"328" 1 65880 -68.194 49.1
"329" 1 65922 -68.19 49.162
"330" 1 66001 -68.324 49.186
"331" 1 66250 -68.051 49.293
"332" 1 66632 -67.376 49.317
"333" 1 66825 -67.233 49.5
"334" 41 1 -59.847 46
"335" 41 116 -59.967 46.035
"336" 41 266 -59.796 46.126
"337" 41 385 -59.903 46.102
"338" 41 484 -59.817 46.182
"339" 41 794 -60.125 46.268
"340" 41 973 -60.217 46.114
"341" 41 1049 -60.229 46.188
"342" 41 1120 -60.31 46.148
"343" 41 1246 -60.203 46.249
"344" 41 1370 -60.291 46.342
"345" 41 1721 -60.667 46.074
"346" 41 2088 -60.319 46.21
"347" 41 2535 -60.796 45.958
"348" 41 2640 -60.71 45.898
"349" 41 2961 -60.375 46.022
"350" 41 3298 -60.739 45.799
"351" 41 3554 -60.74 45.688
"352" 41 3663 -60.851 45.67
"353" 41 3799 -60.808 45.734
"354" 41 3868 -60.94 45.775
"355" 41 4067 -61.163 45.71
"356" 41 4483 -60.932 45.843
"357" 41 4550 -60.993 45.878
"358" 41 4652 -60.91 45.869
"359" 41 4804 -61 45.928
"360" 41 4946 -60.813 45.944
"361" 41 5073 -60.736 46.067
"362" 41 5419 -60.991 45.995
"363" 41 5539 -60.901 46.085
"364" 41 5829 -60.647 46.115
"365" 41 6070 -60.414 46.293
"366" 41 6122 -60.454 46.344
"367" 41 6335 -60.621 46.206
"368" 41 6756 -60.35 46.613
"369" 41 6856 -60.405 46.669
"370" 41 7089 -60.307 46.862
"371" 41 7406 -60.515 46.904
"372" 41 7573 -60.413 47.039
"373" 41 7727 -60.618 47.033
"374" 41 8249 -61.056 46.618
"375" 41 8576 -61.272 46.266
"376" 41 8862 -61.554 46.04
"377" 41 9099 -61.468 45.716
"378" 41 9296 -61.292 45.547
"379" 41 9465 -61.229 45.627
"380" 41 9613 -61.162 45.564
"381" 41 10102 -60.871 45.652
"382" 41 10337 -60.685 45.566
"383" 41 10563 -60.42 45.642
"384" 41 10877 -60.081 45.801
"385" 41 11010 -60.149 45.877
"386" 41 11412 -59.787 45.951
"387" 41 11468 -59.846 45.998
"388" 59 1 -62.89 45.997
"389" 59 205 -62.501 45.977
"390" 59 248 -62.457 46.02
"391" 59 376 -62.573 46.028
"392" 59 476 -62.488 46.024
"393" 59 562 -62.469 46.146
"394" 59 791 -62.643 46.168
"395" 59 965 -62.499 46.176
"396" 59 1053 -62.618 46.238
"397" 59 1183 -62.413 46.213
"398" 59 1254 -62.49 46.27
"399" 59 1339 -62.38 46.252
"400" 59 1544 -62.369 46.354
"401" 59 1857 -61.971 46.451
"402" 59 2128 -62.635 46.47
"403" 59 2187 -62.733 46.446
"404" 59 2272 -62.585 46.419
"405" 59 2569 -63.04 46.416
"406" 59 2636 -62.986 46.36
"407" 59 3195 -63.334 46.423
"408" 59 3278 -63.332 46.499
"409" 59 3565 -63.569 46.461
"410" 59 3688 -63.493 46.529
"411" 59 3796 -63.667 46.57
"412" 59 3937 -63.736 46.537
"413" 59 4127 -63.717 46.439
"414" 59 4223 -63.848 46.459
"415" 59 4302 -63.832 46.52
"416" 59 4402 -63.957 46.469
"417" 59 4600 -63.833 46.581
"418" 59 4672 -63.911 46.586
"419" 59 4766 -63.879 46.638
"420" 59 4900 -63.986 46.731
"421" 59 5122 -64.098 46.695
"422" 59 5265 -64.115 46.77
"423" 59 5600 -63.974 46.881
"424" 59 5670 -64 47.058
"425" 59 6063 -64.413 46.708
"426" 59 6107 -64.387 46.615
"427" 59 6359 -64.113 46.585
"428" 59 6451 -64.077 46.649
"429" 59 6813 -64.138 46.402
"430" 59 7050 -63.747 46.393
"431" 59 7106 -63.71 46.356
"432" 59 7168 -63.812 46.375
"433" 59 7231 -63.813 46.318
"434" 59 7398 -63.655 46.222
"435" 59 7768 -63.224 46.131
"436" 59 7870 -63.135 46.2
"437" 59 8027 -63.294 46.205
"438" 59 8441 -63.022 46.301
"439" 59 8582 -63.128 46.209
"440" 59 8946 -62.876 46.144
"441" 59 9107 -63.044 46.055
"442" 59 9201 -62.905 46.072
"443" 59 9403 -62.892 45.997
"444" 153 1 -61.993 49.075
"445" 153 178 -61.668 49.138
"446" 153 411 -61.896 49.352
"447" 153 692 -62.349 49.492
"448" 153 737 -63.63 49.5
"449" 153 848 -63.599 49.391
"450" 153 1173 -63.104 49.232
"451" 153 1747 -62 49.076
"452" 266 1 -62.001 47.265
"453" 266 192 -61.818 47.225
"454" 266 223 -61.784 47.267
"455" 266 442 -61.986 47.272
"456" 266 749 -61.869 47.422
"457" 266 1009 -61.556 47.617
"458" 266 1116 -61.445 47.627
"459" 266 1275 -61.54 47.542
"460" 266 1437 -61.39 47.624
"461" 266 1533 -61.56 47.621
"462" 266 1833 -61.936 47.407
"463" 266 1953 -62 47.266
"464" 667 1 -68.349 44.248
"465" 667 64 -68.288 44.249
"466" 667 218 -68.326 44.368
"467" 667 284 -68.289 44.284
"468" 667 406 -68.172 44.327
"469" 667 499 -68.244 44.433
"470" 667 709 -68.415 44.347
"471" 667 923 -68.353 44.248
"472" 706 1 -60.998 45.478
"473" 706 295 -60.887 45.578
"474" 706 550 -61.137 45.564
"475" 706 861 -61 45.474
"476" 834 1 -64.497 47.903
"477" 834 204 -64.69 47.857
"478" 834 311 -64.697 47.784
"479" 834 402 -64.62 47.797
"480" 834 485 -64.699 47.757
"481" 834 647 -64.584 47.763
"482" 834 757 -64.497 47.899
"483" 1203 1 -68.707 44.169
"484" 1203 97 -68.637 44.159
"485" 1203 234 -68.674 44.21
"486" 1203 327 -68.607 44.245
"487" 1203 386 -68.675 44.28
"488" 1203 548 -68.708 44.168
"489" 1442 1 -61.649 47.548
"490" 1442 231 -61.839 47.404
"491" 1442 269 -61.771 47.39
"492" 1442 446 -61.595 47.558
"493" 1442 470 -61.644 47.548
"494" 1530 1 -66.907 44.611
"495" 1530 110 -66.76 44.657
"496" 1530 252 -66.743 44.78
"497" 1530 314 -66.817 44.783
"498" 1530 448 -66.908 44.612
"499" 1554 1 -68.803 44.035
"500" 1554 77 -68.783 44.095
"501" 1554 233 -68.907 44.113
"502" 1554 439 -68.804 44.034
"503" 1658 1 -60.01 43.935
"504" 1658 49 -60.13 43.957
"505" 1658 145 -59.867 43.927
"506" 1658 265 -59.71 44.008
"507" 1658 416 -60 43.935
"508" 1671 1 -64.547 47.997
"509" 1671 78 -64.586 47.893
"510" 1671 220 -64.466 47.944
"511" 1671 413 -64.548 47.998
"512" 1773 1 -66.978 44.865
"513" 1773 56 -66.917 44.842
"514" 1773 191 -66.907 44.954
"515" 1773 388 -66.98 44.867
"516" 1791 1 -68.915 44.239
"517" 1791 172 -68.878 44.393
"518" 1791 386 -68.924 44.231
"519" 1823 1 -68.869 44.125
"520" 1823 139 -68.82 44.186
"521" 1823 277 -68.942 44.109
"522" 1823 381 -68.875 44.125
"523" 1833 1 -65.944 43.768
"524" 1833 213 -65.882 43.741
"525" 1833 378 -65.945 43.769
"526" 2217 1 -69.912 43.857
"527" 2217 199 -69.902 43.77
"528" 2217 320 -69.911 43.856
"529" 2242 1 -65.654 43.456
"530" 2242 74 -65.616 43.408
"531" 2242 149 -65.556 43.487
"532" 2242 316 -65.655 43.457
"533" 2254 1 -68.443 44.149
"534" 2254 65 -68.382 44.156
"535" 2254 235 -68.501 44.154
"536" 2254 316 -68.443 44.152
"537" 2301 1 -67.004 44.981
"538" 2301 83 -66.983 44.924
"539" 2301 207 -66.94 45.027
"540" 2301 308 -67.001 44.981
"541" 2394 1 -69.999 43.729
"542" 2394 165 -69.934 43.84
"543" 2394 274 -70 43.729
"544" 2800 1 -63.812 46.626
"545" 2800 41 -63.863 46.653
"546" 2800 183 -63.708 46.572
"547" 2800 258 -63.811 46.625
"548" 3079 1 -66.335 44.27
"549" 3079 140 -66.214 44.404
"550" 3079 236 -66.337 44.271
"551" 3116 1 -68.617 44.015
"552" 3116 86 -68.614 44.097
"553" 3116 234 -68.617 44.019
"554" 3168 1 -64.003 46.748
"555" 3168 132 -63.876 46.657
"556" 3168 230 -64.001 46.747
"557" 3305 1 -69.787 43.855
"558" 3305 175 -69.799 43.911
"559" 3305 222 -69.787 43.855
"560" 3327 1 -59.764 46
"561" 3327 117 -59.673 46.035
"562" 3327 221 -59.765 45.998
"563" 3913 1 -64.782 47.828
"564" 3913 112 -64.749 47.782
"565" 3913 190 -64.781 47.829
"566" 3919 1 -67.593 44.459
"567" 3919 121 -67.582 44.518
"568" 3919 190 -67.593 44.461
"569" 4455 1 -69.736 47.835
"570" 4455 59 -69.686 47.901
"571" 4455 130 -69.777 47.798
"572" 4455 169 -69.737 47.833
"573" 4788 1 -65.435 43.547
"574" 4788 74 -65.394 43.483
"575" 4788 158 -65.437 43.549
"576" 4966 1 -67.014 44.859
"577" 4966 84 -67.066 44.908
"578" 4966 153 -67.015 44.859
"579" 5001 1 -62.772 45.761
"580" 5001 104 -62.682 45.765
"581" 5001 152 -62.773 45.761
"582" 5004 1 -69.481 47.998
"583" 5004 100 -69.388 48.065
"584" 5004 152 -69.48 47.998
"585" 5103 1 -61.201 45.541
"586" 5103 100 -61.136 45.534
"587" 5103 149 -61.202 45.541
"588" 5260 1 -69.671 43.843
"589" 5260 90 -69.654 43.786
"590" 5260 145 -69.671 43.844
"591" 5266 1 -63.542 44.619
"592" 5266 68 -63.501 44.581
"593" 5266 145 -63.543 44.62
"594" 5398 1 -65.001 47.113
"595" 5398 34 -65.051 47.131
"596" 5398 142 -65 47.112
"597" 5447 1 -61.485 47.794
"598" 5447 96 -61.414 47.795
"599" 5447 141 -61.482 47.794
"600" 5710 1 -62.11 44.939
"601" 5710 81 -62.056 44.942
"602" 5710 134 -62.11 44.939
"603" 5838 1 -66.396 44.234
"604" 5838 75 -66.344 44.286
"605" 5838 132 -66.397 44.235
"606" 5942 1 -68.424 44.375
"607" 5942 58 -68.438 44.321
"608" 5942 130 -68.423 44.375
"609" 6403 1 -65.314 43.658
"610" 6403 73 -65.262 43.625
"611" 6403 121 -65.314 43.659
"612" 6592 1 -66.188 47.996
"613" 6592 54 -66.118 47.983
"614" 6592 118 -66.19 47.997
"615" 6770 1 -68.51 44.384
"616" 6770 56 -68.481 44.315
"617" 6770 115 -68.508 44.386
"618" 6796 1 -64.315 44.239
"619" 6796 56 -64.373 44.245
"620" 6796 114 -64.314 44.238
"621" 7031 1 -64.916 46.84
"622" 7031 65 -64.872 46.781
"623" 7031 111 -64.917 46.841
"624" 7099 1 -68.599 48.454
"625" 7099 55 -68.542 48.484
"626" 7099 110 -68.6 48.455
"627" 7147 1 -68.8 44.545
"628" 7147 38 -68.764 44.506
"629" 7147 109 -68.8 44.548
"630" 7310 1 -68.888 48.394
"631" 7310 62 -68.836 48.414
"632" 7310 107 -68.889 48.395
"633" 7447 1 -68.736 44.308
"634" 7447 61 -68.687 44.275
"635" 7447 105 -68.735 44.309
"636" 7505 1 -62.604 45.806
"637" 7505 58 -62.508 45.826
"638" 7505 104 -62.605 45.807
"639" 7722 1 -67.562 44.514
"640" 7722 64 -67.511 44.494
"641" 7722 101 -67.561 44.514
"642" 9182 1 -69.666 43.928
"643" 9182 47 -69.685 43.876
"644" 9182 86 -69.666 43.928
"645" 9620 1 -64.044 46.797
"646" 9620 40 -64.013 46.752
"647" 9620 82 -64.044 46.797
"648" 9771 1 -64.933 47.329
"649" 9771 39 -64.955 47.284
"650" 9771 81 -64.932 47.33
"651" 18964 1 -64.292 46.62
"652" 18964 16 -64.234 46.625
"653" 18964 41 -64.294 46.622
