-55.18972864846 58.11785479437
-55.07127559534 57.84709803803
-54.20022391914 57.59530078273
-53.16828384266 57.17627033935
-52.07908116188 56.50246734009
-50.76697667362 55.16324318534
-50.21182980334 54.65669607814
-50.00960190671 54.25937701732
-49.72436212285 53.28011366973
-49.78776290202 52.76447802657
-49.92336454484 52.25929728962
-49.62802364493 51.6829677161
-48.9524158479 51.03845236072
-48.44764297098 50.34588227966
-48.05569694308 49.27335462153
-47.95298445702 48.74391694926
-47.76571455606 48.35680733073
-47.59183921377 47.52788985447
-47.62028916249 46.83433245121
-47.86418944062 46.1306828849
-48.42825546489 45.35700321333
-48.92657472881 44.93633270368
-49.53067073879 44.47695653519
-49.81405837872 44.21180622565
-50.46569884115 43.84952914983
-51.51826881036 43.43296433572
-52.35632207049 43.28243292382
-54.47539588416 43.25745107751
-55.1456554573 43.33261844218
-55.68125469362 42.6033004851
-56.05085314958 42.22771953875
-56.38852285113 41.85752664363
-57.0097735616 41.39016427721
-57.66101911857 41.04951089832
-58.45709619645 40.77661043992
-59.73115926281 40.56670150747
-60.37103016535 40.55566801018
-60.99776951352 40.63769695632
-61.34503695018 40.64436402001
-62.57451365555 40.92666730458
-63.03564465657 40.74553223475
-63.64855420515 40.48232856562
-65.05453539808 40.11360332325
-66.54781290588 40.03411354905
-66.7267400106 40.07644600478
-67.2807325202 40.9972610914
-67.48867129634 41.42667056464
-67.8736335882 41.91420560545
-67.6394775291 42.58398901998
-67.41387141034 42.90556432141
-67.15951238317 43.71054497018
-67.2278146083 44.3263579255
-66.94316753621 44.74938097644
-66.97840977186 44.84021385186
-67.10124251528 44.91020921643
-67.1300331136 45.10879346587
