-73.500000 75.083336
-73.271667 75.000000
-73.046669 74.843330
-72.883331 74.736664
-71.763336 74.476669
-71.428337 74.400002
-70.561668 74.208336
-70.385002 74.166664
-70.208336 74.125000
-70.110001 74.101669
-69.866669 74.043335
-69.838333 74.036667
-69.525002 73.959999
-69.188332 73.871666
-68.851669 73.778336
-68.808334 73.768333
-68.489998 73.695000
-68.205002 73.631668
-68.091667 73.608330
-67.251663 73.518333
-66.421669 73.431664
-66.138336 73.308334
-65.126663 72.846664
-65.014999 72.794998
-64.973335 72.761665
-64.904999 72.728333
-64.646667 72.605003
-64.434998 72.508331
-64.220001 72.413330
-63.683334 72.183334
-63.514999 72.106667
-63.351665 72.028336
-63.064999 71.881668
-62.884998 71.788330
-62.826668 71.745003
-62.558334 71.548332
-62.533333 71.529999
-62.488335 71.489998
-62.424999 71.431664
-62.291668 71.315002
-62.151669 71.201668
-61.711666 70.863335
-61.631668 70.803337
-61.343334 70.593330
-61.290001 70.551666
-61.176666 70.223335
-61.146667 70.146667
-61.134998 70.125000
-61.070000 70.026665
-61.000000 69.930000
-61.000000 69.930000
-60.993332 69.921669
-60.970001 69.830002
-60.860001 69.489998
-60.458332 69.213333
-60.396667 69.171669
-60.308334 69.113335
-60.150002 69.013336
-60.040001 68.946663
-59.243332 68.633331
-59.238335 68.631668
-59.076668 68.566666
-59.029999 68.548332
-58.706665 68.421669
-58.650002 68.361664
-58.568333 68.268333
-58.453335 68.125000
-58.445000 68.113335
-58.416668 68.071663
-58.388332 68.029999
-58.330002 67.948334
-58.165001 67.736664
-58.103333 67.661667
-58.036667 67.588333
-57.963333 67.511665
-57.935001 67.485001
-57.921665 67.471664
-57.915001 67.455002
-57.878334 67.360001
-57.716667 66.824997
-57.676666 66.696663
-57.660000 66.631668
-57.653332 66.601669
-57.638332 66.504997
-57.630001 66.410004
-57.630001 66.313332
-57.634167 66.250000
-57.636665 66.214996
-57.660000 66.058334
-57.668335 65.959999
-57.676666 65.861664
-57.678333 65.848335
-57.698334 65.628334
-57.705002 65.580002
-57.748333 65.388336
-57.763332 65.301666
-57.740002 65.193336
-57.731667 65.148331
-57.735001 65.099998
-57.803333 64.203331
-57.803333 64.203331
-57.818333 64.071663
-57.891666 63.956665
-57.943333 63.876667
-57.953335 63.834999
-57.980000 63.735001
-58.020000 63.619999
-58.033333 63.583332
-57.994999 63.476665
-57.956665 63.380001
-57.683334 62.786667
-57.423332 62.191666
-57.369999 62.058334
-57.363335 62.038334
-57.351665 62.008335
-57.271667 61.410831
-57.545448 61.179714
-57.532757 61.166676
-57.520191 61.153610
-57.507755 61.140514
-57.495445 61.127392
-57.483265 61.114246
-57.471210 61.101070
-57.459286 61.087872
-57.447487 61.074642
-57.435818 61.061390
-57.424274 61.048115
-57.412861 61.034809
-57.401577 61.021484
-57.390423 61.008133
-57.379395 60.994755
-57.368496 60.981354
-57.357723 60.967930
-57.347084 60.954483
-57.336571 60.941013
-57.326187 60.927521
-57.315929 60.914001
-57.305805 60.900463
-57.295807 60.886906
-57.285938 60.873322
-57.276199 60.859718
-57.266590 60.846096
-57.257107 60.832451
-57.247757 60.818783
-57.238533 60.805096
-57.229439 60.791389
-57.220474 60.777664
-57.211639 60.763920
-57.202934 60.750153
-57.194359 60.736370
-57.194359 60.736370
-57.185909 60.722569
-57.177593 60.708748
-57.169403 60.694908
-57.161346 60.681053
-57.153416 60.667179
-57.145615 60.653286
-57.137943 60.639381
-57.130398 60.625454
-57.122986 60.611515
-57.115704 60.597557
-57.108547 60.583584
-57.101521 60.569595
-57.094627 60.555592
-57.087860 60.541573
-57.081219 60.527542
-57.074711 60.513493
-57.068333 60.499432
-57.062080 60.485355
-57.055958 60.471268
-57.049965 60.457165
-57.044098 60.443050
-57.038364 60.428921
-57.032757 60.414780
-57.027279 60.400627
-57.021927 60.386463
-57.016708 60.372288
-57.011616 60.358101
-57.006649 60.343903
-57.001816 60.329693
-56.997105 60.315475
-56.992527 60.301243
-56.988075 60.287006
-56.983753 60.272755
-56.981628 60.265591
-56.981625 60.265591
-56.964878 60.253880
-56.948242 60.242134
-56.931725 60.230350
-56.915318 60.218525
-56.899025 60.206669
-56.882851 60.194771
-56.866787 60.182838
-56.850842 60.170868
-56.835011 60.158863
-56.819298 60.146824
-56.803696 60.134747
-56.788216 60.122635
-56.772846 60.110489
-56.757595 60.098305
-56.757595 60.098305
-56.742462 60.086090
-56.727448 60.073837
-56.712547 60.061554
-56.697762 60.049236
-56.683098 60.036884
-56.668552 60.024502
-56.654121 60.012081
-56.652534 60.010708
-56.635372 59.999146
-56.618324 59.987545
-56.601387 59.975906
-56.584564 59.964226
-56.567856 59.952507
-56.551258 59.940750
-56.534771 59.928959
-56.518402 59.917126
-56.502144 59.905258
-56.486000 59.893349
-56.469975 59.881409
-56.454060 59.869427
-56.438259 59.857410
-56.422573 59.845356
-56.407005 59.833267
-56.391552 59.821144
-56.376213 59.808987
-56.360989 59.796791
-56.345882 59.784561
-56.330894 59.772297
-56.316017 59.759998
-56.301262 59.747665
-56.286621 59.735298
-56.272095 59.722900
-56.257690 59.710464
-56.243401 59.697998
-56.229229 59.685501
-56.215176 59.672970
-56.201237 59.660408
-56.187420 59.647812
-56.173717 59.635185
-56.160137 59.622524
-56.146675 59.609837
-56.133327 59.597118
-56.120102 59.584366
-56.106995 59.571587
-56.094006 59.558773
-56.081139 59.545933
-56.068390 59.533066
-56.055759 59.520164
-56.055759 59.520164
-56.043247 59.507236
-56.030857 59.494282
-56.018585 59.481297
-56.006435 59.468281
-55.994404 59.455242
-55.982494 59.442173
-55.970703 59.429077
-55.959034 59.415955
-55.947483 59.402805
-55.936058 59.389629
-55.924747 59.376431
-55.913563 59.363201
-55.902496 59.349949
-55.891552 59.336670
-55.880726 59.323368
-55.870022 59.310040
-55.859444 59.296688
-55.848980 59.283310
-55.838642 59.269909
-55.828426 59.256485
-55.818329 59.243038
-55.808357 59.229568
-55.798504 59.216072
-55.795464 59.211864
-55.795460 59.211864
-55.782696 59.199013
-55.770046 59.186131
-55.757519 59.173218
-55.745110 59.160275
-55.732819 59.147305
-55.720646 59.134308
-55.708595 59.121281
-55.696659 59.108227
-55.684845 59.095146
-55.673149 59.082035
-55.661572 59.068901
-55.650116 59.055737
-55.638779 59.042545
-55.627560 59.029331
-55.616463 59.016090
-55.605484 59.002823
-55.594627 58.989529
-55.583889 58.976212
-55.573269 58.962872
-55.562771 58.949505
-55.552395 58.936111
-55.542137 58.922695
-55.532001 58.909256
-55.521984 58.895794
-55.521984 58.895794
-55.512089 58.882309
-55.502316 58.868801
-55.492661 58.855270
-55.483128 58.841717
-55.473713 58.828144
-55.464420 58.814545
-55.455250 58.800926
-55.446201 58.787289
-55.437271 58.773628
-55.428463 58.759949
-55.419777 58.746246
-55.411213 58.732525
-55.402767 58.718784
-55.394444 58.705025
-55.386242 58.691242
-55.378159 58.677444
-55.370201 58.663628
-55.362362 58.649792
-55.354645 58.635941
-55.347046 58.622066
-55.339573 58.608177
-55.332218 58.594273
-55.324986 58.580349
-55.317875 58.566410
-55.310886 58.552452
-55.304020 58.538483
-55.297272 58.524494
-55.290646 58.510490
-55.284142 58.496471
-55.277756 58.482437
-55.271496 58.468388
-55.265354 58.454327
-55.259335 58.440247
-55.253437 58.426159
-55.247658 58.412052
-55.242001 58.397934
-55.236465 58.383804
-55.231052 58.369659
-55.225758 58.355503
-55.220589 58.341335
-55.215534 58.327156
-55.210606 58.312965
-55.205795 58.298763
-55.201107 58.284550
-55.196537 58.270325
-55.192089 58.256088
-55.187763 58.241844
-55.183556 58.227589
-55.179470 58.213322
-55.179470 58.213322
-55.175507 58.199047
-55.174412 58.195015
-55.174408 58.195015
-55.164139 58.181705
-55.153988 58.168373
-55.143955 58.155018
-55.134037 58.141636
-55.124233 58.128235
-55.114552 58.114807
-55.104980 58.101357
-55.095531 58.087887
-55.086197 58.074394
-55.076981 58.060879
-55.067883 58.047340
-55.058899 58.033783
-55.050034 58.020203
-55.041286 58.006599
-55.032654 57.992981
-55.024139 57.979340
-55.015743 57.965675
-55.007465 57.951996
-54.999306 57.938297
-54.991261 57.924576
-54.983334 57.910839
-54.975525 57.897079
-54.967834 57.883305
-54.966667 57.881191
-54.966663 57.881195
-54.940319 57.876152
-54.914024 57.871040
-54.887779 57.865860
-54.861584 57.860611
-54.835442 57.855293
-54.809357 57.849911
-54.783321 57.844460
-54.757339 57.838940
-54.731411 57.833355
-54.705540 57.827702
-54.679726 57.821980
-54.653965 57.816193
-54.628265 57.810337
-54.602619 57.804417
-54.577034 57.798431
-54.551506 57.792377
-54.526039 57.786259
-54.500633 57.780071
-54.475288 57.773823
-54.450005 57.767506
-54.424782 57.761124
-54.424782 57.761124
-54.399620 57.754673
-54.374527 57.748161
-54.349491 57.741585
-54.324524 57.734940
-54.299622 57.728233
-54.274784 57.721462
-54.250015 57.714626
-54.225311 57.707726
-54.200672 57.700760
-54.176105 57.693733
-54.151604 57.686642
-54.127174 57.679485
-54.102814 57.672268
-54.078522 57.664986
-54.054302 57.657642
-54.030155 57.650234
-54.006077 57.642765
-53.982075 57.635231
-53.958141 57.627640
-53.934288 57.619984
-53.910503 57.612267
-53.886795 57.604485
-53.863163 57.596645
-53.839607 57.588745
-53.816124 57.580780
-53.792721 57.572758
-53.769398 57.564674
-53.746147 57.556530
-53.722980 57.548325
-53.699890 57.540058
-53.676876 57.531734
-53.653946 57.523350
-53.631096 57.514908
-53.608326 57.506405
-53.585640 57.497845
-53.563034 57.489223
-53.540512 57.480545
-53.518074 57.471809
-53.495716 57.463013
-53.473446 57.454163
-53.451256 57.445251
-53.429153 57.436283
-53.407139 57.427261
-53.385208 57.418179
-53.363365 57.409039
-53.341606 57.399845
-53.319935 57.390594
-53.298355 57.381287
-53.276859 57.371925
-53.276859 57.371925
-53.255455 57.362507
-53.234142 57.353031
-53.212914 57.343502
-53.191780 57.333920
-53.170734 57.324280
-53.149780 57.314587
-53.128918 57.304840
-53.108150 57.295040
-53.087471 57.285183
-53.066887 57.275276
-53.046394 57.265316
-53.025993 57.255299
-53.005692 57.245232
-52.985481 57.235115
-52.965366 57.224941
-52.945347 57.214718
-52.925423 57.204441
-52.905594 57.194115
-52.885864 57.183739
-52.866230 57.173309
-52.846691 57.162827
-52.827251 57.152298
-52.807911 57.141716
-52.788670 57.131088
-52.769524 57.120407
-52.750477 57.109676
-52.731533 57.098896
-52.712688 57.088070
-52.693943 57.077194
-52.675297 57.066269
-52.656754 57.055294
-52.638309 57.044273
-52.619972 57.033207
-52.601730 57.022091
-52.583595 57.010925
-52.565563 56.999718
-52.547630 56.988461
-52.529804 56.977158
-52.512081 56.965809
-52.494461 56.954414
-52.476944 56.942974
-52.459534 56.931488
-52.442230 56.919960
-52.425030 56.908382
-52.407936 56.896763
-52.390945 56.885101
-52.374065 56.873394
-52.357288 56.861641
-52.340618 56.849850
-52.340618 56.849850
-52.324055 56.838013
-52.307602 56.826130
-52.291252 56.814209
-52.275013 56.802246
-52.258884 56.790237
-52.242859 56.778191
-52.226948 56.766102
-52.211140 56.753971
-52.195446 56.741798
-52.179859 56.729588
-52.164383 56.717335
-52.149017 56.705044
-52.133759 56.692711
-52.118614 56.680340
-52.103580 56.667931
-52.088657 56.655483
-52.073841 56.642994
-52.059143 56.630470
-52.044552 56.617908
-52.030075 56.605305
-52.015709 56.592667
-52.001453 56.579994
-51.987316 56.567280
-51.973286 56.554531
-51.959370 56.541748
-51.945568 56.528927
-51.931881 56.516071
-51.918304 56.503181
-51.904846 56.490253
-51.891499 56.477291
-51.878265 56.464298
-51.865147 56.451267
-51.852142 56.438206
-51.839252 56.425106
-51.826477 56.411976
-51.813816 56.398815
-51.801270 56.385620
-51.788841 56.372391
-51.776527 56.359131
-51.764328 56.345840
-51.752247 56.332516
-51.740280 56.319160
-51.728432 56.305779
-51.716694 56.292362
-51.705078 56.278915
-51.693577 56.265442
-51.682190 56.251934
-51.670925 56.238400
-51.659771 56.224838
-51.659771 56.224838
-51.648739 56.211246
-51.637821 56.197624
-51.627022 56.183975
-51.616341 56.170300
-51.605774 56.156593
-51.595329 56.142864
-51.584999 56.129105
-51.574787 56.115322
-51.564693 56.101509
-51.554718 56.087673
-51.544861 56.073811
-51.535118 56.059921
-51.525497 56.046009
-51.515995 56.032070
-51.506611 56.018108
-51.497345 56.004124
-51.488197 55.990112
-51.479168 55.976078
-51.470257 55.962021
-51.461468 55.947941
-51.452793 55.933838
-51.444241 55.919716
-51.435806 55.905567
-51.427490 55.891399
-51.419292 55.877209
-51.411217 55.862999
-51.403259 55.848766
-51.395420 55.834515
-51.387699 55.820244
-51.380096 55.805950
-51.372616 55.791637
-51.365253 55.777309
-51.358009 55.762959
-51.350887 55.748592
-51.343884 55.734203
-51.336998 55.719799
-51.330235 55.705376
-51.323586 55.690937
-51.317062 55.676479
-51.310654 55.662006
-51.304367 55.647518
-51.298199 55.633011
-51.292889 55.620266
-51.292885 55.620266
-51.276394 55.608814
-51.260006 55.597321
-51.243713 55.585781
-51.227524 55.574200
-51.211433 55.562576
-51.211433 55.562576
-51.195446 55.550911
-51.179558 55.539204
-51.163769 55.527451
-51.148083 55.515659
-51.132500 55.503826
-51.117016 55.491951
-51.101639 55.480038
-51.086361 55.468079
-51.071186 55.456085
-51.056114 55.444046
-51.041145 55.431973
-51.026279 55.419857
-51.011520 55.407703
-50.996861 55.395508
-50.982307 55.383278
-50.967861 55.371006
-50.953514 55.358696
-50.939278 55.346352
-50.925140 55.333965
-50.911114 55.321545
-50.897190 55.309086
-50.883373 55.296593
-50.869659 55.284061
-50.856056 55.271496
-50.842556 55.258892
-50.829163 55.246250
-50.815876 55.233578
-50.802696 55.220867
-50.789627 55.208126
-50.776661 55.195347
-50.763805 55.182533
-50.751057 55.169689
-50.738415 55.156807
-50.725880 55.143894
-50.713455 55.130947
-50.701138 55.117970
-50.688931 55.104958
-50.676830 55.091915
-50.664837 55.078838
-50.652958 55.065731
-50.641182 55.052593
-50.629520 55.039425
-50.617966 55.026226
-50.606522 55.012997
-50.595188 54.999733
-50.583961 54.986443
-50.572845 54.973125
-50.561844 54.959774
-50.550949 54.946396
-50.550949 54.946396
-50.540165 54.932991
-50.529491 54.919556
-50.518929 54.906094
-50.508476 54.892601
-50.498135 54.879082
-50.487904 54.865536
-50.477787 54.851963
-50.467777 54.838364
-50.457882 54.824738
-50.448097 54.811089
-50.438423 54.797409
-50.428860 54.783707
-50.419411 54.769981
-50.410072 54.756226
-50.400845 54.742451
-50.391731 54.728649
-50.382729 54.714821
-50.373837 54.700974
-50.365059 54.687099
-50.356392 54.673206
-50.347839 54.659286
-50.339397 54.645348
-50.331066 54.631382
-50.322849 54.617397
-50.314747 54.603390
-50.306755 54.589363
-50.298878 54.575314
-50.291111 54.561245
-50.283459 54.547153
-50.275917 54.533043
-50.268490 54.518913
-50.261173 54.504765
-50.253971 54.490597
-50.246883 54.476410
-50.239910 54.462204
-50.233047 54.447979
-50.226295 54.433735
-50.219658 54.419476
-50.213135 54.405197
-50.206726 54.390903
-50.200428 54.376595
-50.194244 54.362267
-50.188175 54.347919
-50.182217 54.333561
-50.176373 54.319183
-50.170639 54.304794
-50.165020 54.290386
-50.159515 54.275967
-50.154125 54.261532
-50.154125 54.261532
-50.148846 54.247082
-50.143681 54.232620
-50.138626 54.218143
-50.133686 54.203651
-50.128860 54.189148
-50.124149 54.174633
-50.119549 54.160107
-50.115059 54.145565
-50.110687 54.131016
-50.106426 54.116451
-50.102276 54.101879
-50.098240 54.087292
-50.094318 54.072697
-50.090508 54.058090
-50.086811 54.043476
-50.083229 54.028851
-50.079758 54.014214
-50.076397 53.999573
-50.073151 53.984921
-50.070019 53.970257
-50.066998 53.955589
-50.064087 53.940910
-50.061291 53.926228
-50.058605 53.911533
-50.056034 53.896835
-50.053574 53.882130
-50.051228 53.867416
-50.048992 53.852699
-50.046867 53.837975
-50.044857 53.823246
-50.042957 53.808514
-50.041168 53.793774
-50.039490 53.779030
-50.037926 53.764282
-50.036472 53.749527
-50.035130 53.734772
-50.033901 53.720013
-50.032780 53.705250
-50.031773 53.690483
-50.030876 53.675716
-50.030087 53.660946
-50.029411 53.646175
-50.028847 53.631401
-50.028393 53.616623
-50.028049 53.601849
-50.027817 53.587070
-50.027691 53.572292
-50.027679 53.557514
-50.027775 53.542736
-50.027775 53.542736
-50.027985 53.527958
-50.028301 53.513184
-50.028725 53.498405
-50.029263 53.483631
-50.029907 53.468857
-50.030663 53.454086
-50.031525 53.439316
-50.032501 53.424549
-50.033581 53.409786
-50.034771 53.395023
-50.036072 53.380268
-50.037479 53.365513
-50.038998 53.350761
-50.040619 53.336014
-50.042355 53.321274
-50.044193 53.306538
-50.046143 53.291805
-50.048199 53.277077
-50.050362 53.262356
-50.052631 53.247639
-50.055012 53.232929
-50.057495 53.218224
-50.060089 53.203529
-50.062786 53.188839
-50.065594 53.174156
-50.068504 53.159481
-50.071522 53.144814
-50.074646 53.130154
-50.077877 53.115505
-50.081211 53.100861
-50.084442 53.087143
-50.084438 53.087143
-50.077755 53.073311
-50.071175 53.059460
-50.064701 53.045593
-50.058327 53.031708
-50.052059 53.017803
-50.045895 53.003887
-50.039837 52.989952
-50.033878 52.976002
-50.028027 52.962032
-50.022278 52.948051
-50.016632 52.934055
-50.011089 52.920040
-50.005653 52.906013
-50.000320 52.891972
-49.995090 52.877918
-49.989964 52.863850
-49.984940 52.849766
-49.984940 52.849766
-49.980022 52.835670
-49.975208 52.821560
-49.970497 52.807438
-49.965889 52.793304
-49.961388 52.779160
-49.956989 52.764999
-49.952694 52.750832
-49.948502 52.736649
-49.944412 52.722458
-49.940430 52.708256
-49.936546 52.694042
-49.932770 52.679817
-49.929096 52.665585
-49.925529 52.651340
-49.922062 52.637089
-49.918701 52.622829
-49.915440 52.608559
-49.912285 52.594280
-49.909233 52.579990
-49.906284 52.565697
-49.903439 52.551392
-49.900696 52.537083
-49.898056 52.522766
-49.895523 52.508438
-49.893089 52.494110
-49.890759 52.479771
-49.888535 52.465427
-49.886410 52.451077
-49.884388 52.436722
-49.882473 52.422363
-49.880657 52.407997
-49.878944 52.393627
-49.877335 52.379253
-49.875828 52.364872
-49.875374 52.360355
-49.856670 52.350697
-49.838047 52.340984
-49.819500 52.331219
-49.801037 52.321400
-49.782654 52.311527
-49.764351 52.301601
-49.746128 52.291622
-49.727989 52.281590
-49.709930 52.271503
-49.691956 52.261364
-49.674061 52.251175
-49.656250 52.240932
-49.638523 52.230640
-49.638523 52.230640
-49.620880 52.220295
-49.603321 52.209896
-49.585846 52.199451
-49.568455 52.188953
-49.551151 52.178402
-49.533932 52.167805
-49.516800 52.157154
-49.499752 52.146458
-49.482792 52.135708
-49.465916 52.124912
-49.449131 52.114063
-49.432430 52.103168
-49.415821 52.092224
-49.399296 52.081234
-49.382862 52.070194
-49.366516 52.059105
-49.350262 52.047970
-49.334095 52.036789
-49.318016 52.025558
-49.302029 52.014286
-49.286133 52.002960
-49.270325 51.991592
-49.254608 51.980179
-49.238983 51.968719
-49.223454 51.957214
-49.208012 51.945663
-49.192661 51.934071
-49.177406 51.922428
-49.162243 51.910748
-49.147171 51.899017
-49.132195 51.887245
-49.117310 51.875431
-49.102520 51.863575
-49.087822 51.851673
-49.073219 51.839729
-49.058712 51.827744
-49.044300 51.815716
-49.029984 51.803646
-49.015762 51.791534
-49.001633 51.779381
-48.987602 51.767185
-48.973667 51.754951
-48.959827 51.742676
-48.946087 51.730362
-48.932442 51.718006
-48.918892 51.705612
-48.905441 51.693180
-48.892086 51.680706
-48.878830 51.668194
-48.878830 51.668194
-48.865673 51.655647
-48.852612 51.643059
-48.839653 51.630432
-48.826786 51.617767
-48.814022 51.605068
-48.801357 51.592331
-48.788792 51.579556
-48.776325 51.566746
-48.763954 51.553898
-48.751686 51.541016
-48.739521 51.528099
-48.727451 51.515144
-48.715485 51.502155
-48.703617 51.489132
-48.691849 51.476074
-48.680183 51.462982
-48.668617 51.449856
-48.657154 51.436699
-48.645794 51.423508
-48.634533 51.410282
-48.623371 51.397022
-48.612316 51.383732
-48.601360 51.370411
-48.590508 51.357056
-48.579754 51.343674
-48.569107 51.330257
-48.558559 51.316807
-48.548119 51.303329
-48.537777 51.289822
-48.527538 51.276283
-48.517406 51.262718
-48.507374 51.249119
-48.497444 51.235493
-48.487621 51.221840
-48.477901 51.208157
-48.468285 51.194447
-48.458771 51.180706
-48.449364 51.166939
-48.440056 51.153145
-48.430855 51.139324
-48.421761 51.125477
-48.412769 51.111603
-48.403881 51.097706
-48.395100 51.083778
-48.386421 51.069828
-48.377846 51.055851
-48.369377 51.041851
-48.361015 51.027824
-48.352757 51.013779
-48.352757 51.013779
-48.344604 50.999702
-48.336555 50.985607
-48.328613 50.971485
-48.320778 50.957344
-48.313046 50.943176
-48.305420 50.928989
-48.297897 50.914780
-48.290485 50.900547
-48.283176 50.886295
-48.275970 50.872021
-48.268875 50.857723
-48.261883 50.843410
-48.254997 50.829075
-48.248219 50.814716
-48.241543 50.800343
-48.234978 50.785946
-48.228516 50.771534
-48.222160 50.757103
-48.215912 50.742649
-48.209770 50.728184
-48.203732 50.713696
-48.197803 50.699192
-48.191978 50.684669
-48.186260 50.670132
-48.180653 50.655579
-48.175148 50.641010
-48.169750 50.626423
-48.164455 50.611820
-48.159271 50.597202
-48.154194 50.582569
-48.149220 50.567924
-48.144356 50.553265
-48.139595 50.538589
-48.134945 50.523899
-48.130398 50.509197
-48.125957 50.494480
-48.121624 50.479755
-48.117397 50.465012
-48.113277 50.450260
-48.109264 50.435497
-48.105354 50.420719
-48.101555 50.405933
-48.097858 50.391136
-48.094273 50.376328
-48.090790 50.361507
-48.087414 50.346676
-48.084145 50.331837
-48.080978 50.316990
-48.077923 50.302132
-48.077923 50.302132
-48.074974 50.287266
-48.072128 50.272392
-48.069389 50.257511
-48.066757 50.242619
-48.064232 50.227722
-48.061810 50.212814
-48.059494 50.197903
-48.057285 50.182983
-48.055183 50.168060
-48.053185 50.153130
-48.051292 50.138191
-48.049507 50.123249
-48.047829 50.108303
-48.046253 50.093349
-48.044785 50.078396
-48.043419 50.063435
-48.042160 50.048470
-48.041008 50.033501
-48.039959 50.018528
-48.039017 50.003555
-48.038177 49.988579
-48.037445 49.973598
-48.036816 49.958618
-48.036293 49.943634
-48.035873 49.928650
-48.035557 49.913666
-48.035347 49.898678
-48.035244 49.883694
-48.035240 49.868706
-48.035343 49.853718
-48.035553 49.838734
-48.035862 49.823746
-48.036278 49.808762
-48.036797 49.793777
-48.037418 49.778797
-48.038143 49.763817
-48.038975 49.748840
-48.039906 49.733864
-48.040943 49.718891
-48.042080 49.703922
-48.043324 49.688957
-48.044666 49.673996
-48.046116 49.659039
-48.047665 49.644085
-48.049320 49.629135
-48.051075 49.614193
-48.052933 49.599251
-48.054893 49.584320
-48.056953 49.569393
-48.056953 49.569393
-48.059116 49.554470
-48.061382 49.539555
-48.063747 49.524647
-48.066219 49.509747
-48.068787 49.494850
-48.071457 49.479965
-48.074230 49.465084
-48.077103 49.450214
-48.080074 49.435352
-48.083149 49.420502
-48.085354 49.410137
-48.080738 49.396069
-48.076214 49.381985
-48.071789 49.367889
-48.067455 49.353783
-48.063221 49.339664
-48.059078 49.325531
-48.055035 49.311390
-48.051086 49.297234
-48.047234 49.283070
-48.043476 49.268890
-48.039814 49.254704
-48.036247 49.240505
-48.033268 49.228321
-48.033264 49.228321
-48.026802 49.214527
-48.020432 49.200718
-48.014156 49.186886
-48.007977 49.173038
-48.001892 49.159176
-47.995899 49.145290
-47.990005 49.131393
-47.984203 49.117474
-47.978500 49.103542
-47.972889 49.089592
-47.967373 49.075626
-47.961952 49.061642
-47.956627 49.047646
-47.951397 49.033634
-47.946262 49.019604
-47.941223 49.005562
-47.936279 48.991505
-47.931431 48.977436
-47.926678 48.963348
-47.922020 48.949249
-47.917454 48.935139
-47.912987 48.921013
-47.908615 48.906876
-47.908615 48.906876
-47.904335 48.892727
-47.900154 48.878563
-47.896069 48.864388
-47.892075 48.850201
-47.888180 48.836002
-47.884380 48.821793
-47.880672 48.807575
-47.877064 48.793343
-47.873547 48.779102
-47.870129 48.764851
-47.866802 48.750591
-47.863571 48.736320
-47.860439 48.722042
-47.857399 48.707752
-47.854454 48.693455
-47.851604 48.679150
-47.848850 48.664837
-47.846191 48.650517
-47.843628 48.636185
-47.841160 48.621849
-47.838787 48.607506
-47.836506 48.593155
-47.834324 48.578800
-47.832233 48.564438
-47.830238 48.550068
-47.828339 48.535694
-47.826534 48.521313
-47.824825 48.506927
-47.823208 48.492538
-47.821690 48.478146
-47.820263 48.463745
-47.818932 48.449345
-47.817692 48.434937
-47.816547 48.420528
-47.815502 48.406113
-47.814545 48.391697
-47.813686 48.377277
-47.813187 48.368080
-47.809227 48.353931
-47.805363 48.339775
-47.801594 48.325607
-47.797916 48.311424
-47.794334 48.297234
-47.790848 48.283035
-47.787453 48.268822
-47.784149 48.254601
-47.780945 48.240372
-47.777828 48.226131
-47.777828 48.226131
-47.774811 48.211884
-47.772377 48.200073
-47.768677 48.185719
-47.765072 48.171356
-47.761562 48.156982
-47.758148 48.142597
-47.754833 48.128204
-47.751610 48.113800
-47.748482 48.099384
-47.745453 48.084965
-47.742519 48.070534
-47.739677 48.056091
-47.736935 48.041645
-47.734287 48.027187
-47.731735 48.012722
-47.729279 47.998253
-47.726917 47.983772
-47.724651 47.969288
-47.722481 47.954796
-47.720406 47.940296
-47.718426 47.925793
-47.716541 47.911282
-47.714752 47.896767
-47.713058 47.882248
-47.711460 47.867722
-47.709957 47.853191
-47.708549 47.838657
-47.707237 47.824116
-47.706020 47.809574
-47.704895 47.795029
-47.703869 47.780479
-47.702934 47.765926
-47.702095 47.751373
-47.701351 47.736816
-47.700703 47.722256
-47.700150 47.707695
-47.699688 47.693134
-47.699322 47.678570
-47.699051 47.664005
-47.698872 47.649441
-47.698792 47.634872
-47.698803 47.620308
-47.698906 47.605743
-47.699104 47.591175
-47.699398 47.576611
-47.699787 47.562046
-47.700268 47.547485
-47.700840 47.532925
-47.700840 47.532925
-47.701508 47.518364
-47.702271 47.503807
-47.703125 47.489254
-47.704071 47.474701
-47.705112 47.460152
-47.706249 47.445606
-47.707474 47.431061
-47.708794 47.416523
-47.710209 47.401989
-47.711712 47.387459
-47.713310 47.372932
-47.715004 47.358410
-47.716785 47.343895
-47.718662 47.329384
-47.720627 47.314877
-47.722687 47.300377
-47.724838 47.285885
-47.727081 47.271400
-47.729416 47.256920
-47.731842 47.242447
-47.734360 47.227982
-47.736969 47.213520
-47.739670 47.199070
-47.742462 47.184628
-47.745342 47.170197
-47.748318 47.155769
-47.751381 47.141354
-47.754536 47.126945
-47.757778 47.112549
-47.761116 47.098160
-47.764542 47.083782
-47.768055 47.069412
-47.771660 47.055054
-47.775356 47.040707
-47.779140 47.026371
-47.783012 47.012047
-47.786976 46.997734
-47.791031 46.983433
-47.795170 46.969143
-47.799400 46.954868
-47.803722 46.940601
-47.808128 46.926350
-47.812626 46.912113
-47.817211 46.897888
-47.821884 46.883678
-47.826645 46.869480
-47.831493 46.855297
-47.836430 46.841125
-47.841454 46.826973
-47.841454 46.826973
-47.846561 46.812832
-47.851761 46.798710
-47.857048 46.784599
-47.862419 46.770508
-47.867878 46.756432
-47.873425 46.742371
-47.879055 46.728325
-47.884773 46.714298
-47.890575 46.700287
-47.896465 46.686295
-47.902443 46.672318
-47.908504 46.658360
-47.914650 46.644421
-47.920883 46.630497
-47.927197 46.616596
-47.933601 46.602711
-47.940086 46.588844
-47.946655 46.574997
-47.953312 46.561172
-47.960049 46.547363
-47.966873 46.533577
-47.973778 46.519810
-47.980770 46.506065
-47.987843 46.492340
-47.994999 46.478634
-48.002239 46.464951
-48.009560 46.451290
-48.016964 46.437649
-48.018890 46.434277
-48.018818 46.434261
-48.025703 46.420673
-48.032669 46.407104
-48.039715 46.393555
-48.046844 46.380024
-48.054054 46.366516
-48.061344 46.353031
-48.068714 46.339565
-48.076164 46.326122
-48.083694 46.312702
-48.091309 46.299301
-48.098995 46.285927
-48.106766 46.272572
-48.114616 46.259239
-48.122543 46.245930
-48.130550 46.232647
-48.138638 46.219383
-48.146801 46.206146
-48.155041 46.192932
-48.163364 46.179741
-48.163364 46.179741
-48.171761 46.166576
-48.180237 46.153435
-48.188789 46.140320
-48.197422 46.127228
-48.198162 46.126110
-48.203476 46.112183
-48.208870 46.098267
-48.214348 46.084370
-48.219910 46.070488
-48.225555 46.056622
-48.231285 46.042774
-48.237095 46.028942
-48.242989 46.015129
-48.248966 46.001331
-48.255024 45.987553
-48.261166 45.973793
-48.267391 45.960049
-48.273697 45.946323
-48.280083 45.932621
-48.286552 45.918934
-48.293106 45.905266
-48.299736 45.891617
-48.306450 45.877991
-48.313244 45.864384
-48.320118 45.850796
-48.327072 45.837227
-48.334110 45.823681
-48.341225 45.810154
-48.348419 45.796650
-48.355698 45.783165
-48.363052 45.769703
-48.370487 45.756264
-48.378002 45.742847
-48.385593 45.729450
-48.393265 45.716080
-48.401016 45.702728
-48.408848 45.689400
-48.416756 45.676098
-48.424740 45.662815
-48.432804 45.649559
-48.440945 45.636326
-48.449165 45.623119
-48.457462 45.609932
-48.463379 45.600620
-48.471279 45.587288
-48.479259 45.573982
-48.487320 45.560699
-48.487320 45.560699
-48.495457 45.547440
-48.503674 45.534203
-48.511963 45.520992
-48.520332 45.507805
-48.528782 45.494644
-48.537304 45.481506
-48.545906 45.468395
-48.554585 45.455311
-48.563335 45.442253
-48.572166 45.429218
-48.581070 45.416210
-48.590054 45.403229
-48.599110 45.390278
-48.608242 45.377350
-48.617451 45.364449
-48.626732 45.351578
-48.636089 45.338734
-48.645519 45.325916
-48.655025 45.313129
-48.664608 45.300369
-48.674259 45.287636
-48.683987 45.274933
-48.693787 45.262260
-48.703663 45.249615
-48.713608 45.237000
-48.723629 45.224415
-48.733723 45.211857
-48.743885 45.199333
-48.754124 45.186836
-48.764431 45.174370
-48.774811 45.161938
-48.785263 45.149532
-48.795788 45.137161
-48.806381 45.124821
-48.817043 45.112511
-48.827782 45.100231
-48.838585 45.087986
-48.849461 45.075775
-48.860409 45.063591
-48.871422 45.051445
-48.882507 45.039330
-48.893661 45.027245
-48.904884 45.015198
-48.916176 45.003181
-48.927536 44.991196
-48.938961 44.979248
-48.950459 44.967335
-48.962021 44.955456
-48.973652 44.943607
-48.973652 44.943607
-48.985352 44.931797
-48.997116 44.920021
-49.008949 44.908279
-49.020851 44.896572
-49.032814 44.884903
-49.044846 44.873268
-49.056942 44.861668
-49.069107 44.850105
-49.081337 44.838577
-49.093628 44.827087
-49.098160 44.822876
-49.098156 44.822880
-49.109783 44.811035
-49.121479 44.799225
-49.133240 44.787449
-49.145069 44.775711
-49.156963 44.764008
-49.168922 44.752338
-49.180950 44.740704
-49.193043 44.729107
-49.205200 44.717548
-49.217422 44.706024
-49.229710 44.694534
-49.242062 44.683083
-49.254478 44.671669
-49.266960 44.660294
-49.279507 44.648952
-49.292114 44.637650
-49.304787 44.626385
-49.317524 44.615158
-49.330322 44.603970
-49.343185 44.592819
-49.356110 44.581707
-49.369095 44.570633
-49.382145 44.559597
-49.395256 44.548603
-49.408428 44.537643
-49.421661 44.526730
-49.434956 44.515850
-49.448311 44.505013
-49.461727 44.494213
-49.475201 44.483456
-49.488739 44.472736
-49.502335 44.462059
-49.515987 44.451424
-49.529701 44.440826
-49.543476 44.430271
-49.557308 44.419758
-49.571198 44.409283
-49.571198 44.409283
-49.585148 44.398853
-49.599152 44.388462
-49.613216 44.378117
-49.627338 44.367809
-49.641518 44.357548
-49.655754 44.347324
-49.670044 44.337147
-49.684395 44.327011
-49.698799 44.316917
-49.713257 44.306870
-49.727776 44.296860
-49.742344 44.286896
-49.756969 44.276978
-49.771652 44.267101
-49.786388 44.257267
-49.801178 44.247478
-49.816021 44.237736
-49.830917 44.228035
-49.845867 44.218380
-49.860870 44.208771
-49.875927 44.199203
-49.891037 44.189682
-49.906197 44.180206
-49.921410 44.170776
-49.936676 44.161392
-49.951992 44.152050
-49.967361 44.142757
-49.982780 44.133511
-49.998249 44.124310
-50.013767 44.115154
-50.019733 44.111652
-50.019730 44.111656
-50.035202 44.102528
-50.050724 44.093445
-50.066296 44.084408
-50.081917 44.075420
-50.097584 44.066479
-50.113304 44.057579
-50.129070 44.048729
-50.144886 44.039928
-50.160748 44.031174
-50.176659 44.022465
-50.192616 44.013805
-50.208622 44.005192
-50.224674 43.996624
-50.240768 43.988106
-50.256916 43.979637
-50.273106 43.971214
-50.289341 43.962841
-50.289341 43.962841
-50.305622 43.954517
-50.321949 43.946239
-50.338318 43.938011
-50.354733 43.929832
-50.371193 43.921703
-50.387695 43.913624
-50.404243 43.905590
-50.420834 43.897606
-50.437469 43.889675
-50.454144 43.881790
-50.470863 43.873959
-50.484318 43.867702
-50.484314 43.867702
-50.501087 43.859947
-50.517902 43.852242
-50.534760 43.844585
-50.551655 43.836979
-50.568592 43.829422
-50.585571 43.821918
-50.602592 43.814461
-50.619652 43.807056
-50.636749 43.799706
-50.653889 43.792404
-50.671066 43.785152
-50.688282 43.777950
-50.705536 43.770802
-50.722832 43.763706
-50.740162 43.756657
-50.740528 43.756512
-50.740524 43.756512
-50.757904 43.749496
-50.775318 43.742535
-50.792767 43.735622
-50.810257 43.728764
-50.827782 43.721958
-50.845345 43.715202
-50.862942 43.708500
-50.880577 43.701851
-50.898247 43.695255
-50.915951 43.688709
-50.933689 43.682217
-50.951466 43.675781
-50.969273 43.669395
-50.987114 43.663063
-51.004993 43.656780
-51.022903 43.650555
-51.040844 43.644382
-51.058823 43.638264
-51.076828 43.632198
-51.076828 43.632198
-51.094872 43.626186
-51.112946 43.620228
-51.131050 43.614326
-51.149185 43.608475
-51.167351 43.602680
-51.185551 43.596939
-51.203777 43.591251
-51.222038 43.585617
-51.240326 43.580040
-51.258644 43.574512
-51.276993 43.569046
-51.295368 43.563629
-51.313774 43.558270
-51.332207 43.552963
-51.350670 43.547714
-51.369160 43.542519
-51.387676 43.537380
-51.406223 43.532295
-51.424793 43.527267
-51.443390 43.522293
-51.447132 43.521297
-51.447128 43.521301
-51.465755 43.516186
-51.484409 43.511124
-51.503086 43.506123
-51.521793 43.501175
-51.540527 43.496281
-51.559284 43.491447
-51.578068 43.486668
-51.596878 43.481945
-51.615711 43.477280
-51.634571 43.472668
-51.653458 43.468113
-51.672363 43.463619
-51.691296 43.459179
-51.710251 43.454796
-51.729229 43.450466
-51.748230 43.446198
-51.767254 43.441986
-51.786301 43.437828
-51.805370 43.433731
-51.824459 43.429688
-51.843571 43.425705
-51.862705 43.421780
-51.881859 43.417908
-51.901031 43.414097
-51.920223 43.410343
-51.939438 43.406647
-51.958672 43.403004
-51.958672 43.403004
-51.977924 43.399426
-51.997196 43.395901
-52.016483 43.392433
-52.035793 43.389027
-52.055119 43.385674
-52.074463 43.382381
-52.093822 43.379147
-52.113201 43.375969
-52.132599 43.372852
-52.152008 43.369793
-52.171436 43.366791
-52.190880 43.363846
-52.210339 43.360958
-52.229813 43.358131
-52.249302 43.355362
-52.268803 43.352654
-52.288322 43.350002
-52.307854 43.347408
-52.327396 43.344872
-52.346954 43.342396
-52.366528 43.339977
-52.386112 43.337620
-52.405708 43.335320
-52.425316 43.333076
-52.444935 43.330894
-52.464565 43.328770
-52.484211 43.326706
-52.503864 43.324699
-52.523525 43.322754
-52.543201 43.320866
-52.562885 43.319035
-52.582577 43.317265
-52.602280 43.315556
-52.621990 43.313900
-52.641712 43.312309
-52.661442 43.310776
-52.681175 43.309299
-52.700920 43.307884
-52.720673 43.306526
-52.740429 43.305229
-52.760197 43.303993
-52.779968 43.302814
-52.799744 43.301693
-52.819527 43.300632
-52.839317 43.299633
-52.859112 43.298691
-52.878910 43.297810
-52.898712 43.296986
-52.918522 43.296223
-52.918522 43.296223
-52.938332 43.295517
-52.958145 43.294872
-52.977966 43.294289
-52.997787 43.293762
-53.017609 43.293297
-53.037437 43.292889
-53.057262 43.292542
-53.077095 43.292252
-53.096924 43.292023
-53.116756 43.291855
-53.136589 43.291744
-53.142490 43.291725
-53.162262 43.290508
-53.182034 43.289349
-53.201817 43.288250
-53.221603 43.287209
-53.241394 43.286228
-53.261192 43.285309
-53.280994 43.284447
-53.300800 43.283646
-53.320610 43.282902
-53.340424 43.282219
-53.360241 43.281597
-53.380062 43.281033
-53.399887 43.280525
-53.419712 43.280083
-53.439541 43.279694
-53.459370 43.279369
-53.479202 43.279102
-53.499035 43.278893
-53.518867 43.278744
-53.538704 43.278656
-53.558537 43.278629
-53.578373 43.278660
-53.598206 43.278748
-53.618038 43.278896
-53.637875 43.279106
-53.657703 43.279373
-53.677536 43.279701
-53.697361 43.280090
-53.717190 43.280537
-53.737011 43.281044
-53.756832 43.281609
-53.776649 43.282234
-53.796463 43.282917
-53.816273 43.283661
-53.836079 43.284466
-53.855881 43.285328
-53.855881 43.285328
-53.875679 43.286247
-53.895470 43.287231
-53.915257 43.288273
-53.935040 43.289371
-53.954811 43.290531
-53.974583 43.291748
-53.994343 43.293026
-54.014099 43.294365
-54.033844 43.295761
-54.053585 43.297218
-54.073318 43.298733
-54.093044 43.300304
-54.112759 43.301937
-54.132465 43.303631
-54.152164 43.305382
-54.171852 43.307194
-54.191528 43.309063
-54.211197 43.310989
-54.230858 43.312977
-54.250504 43.315025
-54.270142 43.317131
-54.289764 43.319294
-54.309380 43.321518
-54.328979 43.323799
-54.348572 43.326138
-54.368145 43.328537
-54.387711 43.330997
-54.407261 43.333511
-54.426800 43.336086
-54.446323 43.338722
-54.465832 43.341415
-54.485325 43.344166
-54.504807 43.346973
-54.524269 43.349842
-54.543720 43.352768
-54.563152 43.355751
-54.582573 43.358795
-54.601974 43.361897
-54.621357 43.365055
-54.640724 43.368271
-54.660076 43.371544
-54.679409 43.374878
-54.698723 43.378269
-54.718021 43.381718
-54.737301 43.385223
-54.756561 43.388790
-54.775799 43.392410
-54.795021 43.396091
-54.814224 43.399830
-54.814224 43.399830
-54.833405 43.403622
-54.852566 43.407475
-54.871704 43.411385
-54.890823 43.415352
-54.896309 43.416500
-54.896313 43.416500
-54.915867 43.418549
-54.935413 43.420650
-54.954948 43.422810
-54.974472 43.425030
-54.993980 43.427307
-55.013481 43.429646
-55.032967 43.432037
-55.052441 43.434490
-55.064125 43.435989
-55.068626 43.421642
-55.073208 43.407310
-55.077877 43.392990
-55.082630 43.378689
-55.087467 43.364403
-55.092388 43.350128
-55.097393 43.335873
-55.102482 43.321632
-55.107655 43.307407
-55.112907 43.293198
-55.118248 43.279007
-55.123669 43.264835
-55.129173 43.250675
-55.134762 43.236538
-55.140430 43.222416
-55.146183 43.208313
-55.152020 43.194229
-55.157936 43.180161
-55.163937 43.166115
-55.170017 43.152084
-55.176178 43.138077
-55.182423 43.124088
-55.188747 43.110119
-55.195156 43.096169
-55.201641 43.082241
-55.208210 43.068333
-55.214859 43.054447
-55.221588 43.040581
-55.228397 43.026737
-55.235287 43.012913
-55.242256 42.999111
-55.249302 42.985332
-55.256432 42.971577
-55.256432 42.971577
-55.263638 42.957844
-55.270927 42.944134
-55.278294 42.930447
-55.285736 42.916782
-55.293259 42.903145
-55.300861 42.889526
-55.308540 42.875935
-55.316299 42.862370
-55.324135 42.848827
-55.332047 42.835308
-55.340038 42.821815
-55.348106 42.808350
-55.356251 42.794910
-55.364475 42.781494
-55.372772 42.768105
-55.381145 42.754742
-55.389599 42.741405
-55.398125 42.728100
-55.406731 42.714817
-55.415409 42.701561
-55.424164 42.688335
-55.432991 42.675137
-55.441895 42.661968
-55.450874 42.648827
-55.459930 42.635712
-55.469059 42.622627
-55.478260 42.609570
-55.487537 42.596546
-55.496887 42.583549
-55.506310 42.570580
-55.515808 42.557644
-55.525379 42.544739
-55.535023 42.531860
-55.544739 42.519016
-55.554527 42.506203
-55.564388 42.493416
-55.574322 42.480667
-55.584324 42.467945
-55.594402 42.455257
-55.604549 42.442600
-55.614769 42.429977
-55.625057 42.417385
-55.635418 42.404827
-55.645847 42.392300
-55.656349 42.379810
-55.666920 42.367348
-55.677563 42.354923
-55.688271 42.342533
-55.699051 42.330177
-55.699051 42.330177
-55.709900 42.317852
-55.720818 42.305565
-55.731804 42.293312
-55.742859 42.281094
-55.753983 42.268909
-55.765175 42.256760
-55.776432 42.244648
-55.787758 42.232571
-55.799152 42.220531
-55.810612 42.208527
-55.822140 42.196560
-55.833733 42.184628
-55.845394 42.172733
-55.857117 42.160877
-55.868912 42.149059
-55.880768 42.137276
-55.892689 42.125530
-55.904678 42.113827
-55.916729 42.102158
-55.928844 42.090527
-55.941029 42.078938
-55.953274 42.067383
-55.965580 42.055870
-55.977955 42.044399
-55.990391 42.032963
-56.002888 42.021568
-56.015450 42.010212
-56.028072 41.998898
-56.040760 41.987621
-56.053509 41.976387
-56.066319 41.965195
-56.079189 41.954041
-56.092125 41.942928
-56.105118 41.931858
-56.118172 41.920826
-56.131287 41.909840
-56.144463 41.898891
-56.157700 41.887989
-56.170994 41.877129
-56.184349 41.866306
-56.197762 41.855530
-56.211235 41.844795
-56.224766 41.834103
-56.238358 41.823456
-56.252003 41.812851
-56.265709 41.802288
-56.279472 41.791771
-56.293293 41.781296
-56.307171 41.770866
-56.307171 41.770866
-56.321106 41.760479
-56.335098 41.750137
-56.349148 41.739841
-56.363251 41.729588
-56.377407 41.719379
-56.391624 41.709217
-56.405895 41.699100
-56.420219 41.689030
-56.434597 41.679005
-56.449032 41.669022
-56.463520 41.659088
-56.478062 41.649200
-56.492657 41.639359
-56.507305 41.629562
-56.522007 41.619816
-56.536762 41.610115
-56.551567 41.600460
-56.566425 41.590851
-56.581337 41.581291
-56.596298 41.571777
-56.611313 41.562313
-56.626377 41.552895
-56.641495 41.543526
-56.656658 41.534206
-56.671875 41.524933
-56.687141 41.515709
-56.702457 41.506531
-56.717823 41.497406
-56.733238 41.488327
-56.748699 41.479298
-56.764210 41.470318
-56.779770 41.461388
-56.782917 41.459591
-56.782913 41.459591
-56.797558 41.450165
-56.812248 41.440784
-56.826992 41.431446
-56.841785 41.422157
-56.856628 41.412914
-56.871517 41.403717
-56.886456 41.394569
-56.901443 41.385468
-56.916481 41.376411
-56.931564 41.367405
-56.946697 41.358444
-56.961876 41.349529
-56.977100 41.340664
-56.992374 41.331848
-57.007694 41.323078
-57.007694 41.323078
-57.023060 41.314358
-57.038471 41.305683
-57.053928 41.297058
-57.069431 41.288483
-57.084980 41.279957
-57.100571 41.271477
-57.116211 41.263050
-57.131889 41.254669
-57.147617 41.246338
-57.163387 41.238056
-57.179199 41.229824
-57.195057 41.221645
-57.210957 41.213512
-57.226898 41.205429
-57.242882 41.197399
-57.258911 41.189415
-57.274979 41.181484
-57.291088 41.173603
-57.307240 41.165775
-57.323433 41.157997
-57.339664 41.150269
-57.355938 41.142590
-57.372253 41.134964
-57.388607 41.127388
-57.404999 41.119865
-57.421432 41.112392
-57.437904 41.104973
-57.454414 41.097607
-57.470963 41.090290
-57.487549 41.083027
-57.504177 41.075813
-57.520840 41.068653
-57.537537 41.061546
-57.554276 41.054489
-57.571049 41.047489
-57.587860 41.040539
-57.604706 41.033642
-57.621586 41.026798
-57.638504 41.020008
-57.655460 41.013271
-57.672447 41.006588
-57.689468 40.999958
-57.706528 40.993378
-57.723618 40.986855
-57.740746 40.980385
-57.757904 40.973969
-57.775097 40.967609
-57.792320 40.961300
-57.809578 40.955048
-57.809578 40.955048
-57.826870 40.948849
-57.844193 40.942703
-57.861546 40.936611
-57.878933 40.930576
-57.896351 40.924595
-57.913799 40.918671
-57.931278 40.912796
-57.948788 40.906982
-57.966324 40.901218
-57.983894 40.895515
-58.001492 40.889862
-58.019119 40.884266
-58.036777 40.878727
-58.054462 40.873241
-58.072178 40.867813
-58.089916 40.862438
-58.107689 40.857121
-58.125484 40.851860
-58.143307 40.846657
-58.161160 40.841507
-58.179035 40.836411
-58.196938 40.831375
-58.214870 40.826393
-58.232822 40.821468
-58.250805 40.816601
-58.268810 40.811790
-58.282093 40.808281
-58.282089 40.808281
-58.299980 40.803280
-58.317902 40.798332
-58.335846 40.793438
-58.353813 40.788605
-58.371807 40.783825
-58.389824 40.779102
-58.407867 40.774437
-58.425934 40.769829
-58.444027 40.765278
-58.462139 40.760784
-58.480274 40.756344
-58.498436 40.751965
-58.516617 40.747639
-58.534821 40.743374
-58.553047 40.739162
-58.571293 40.735012
-58.589561 40.730915
-58.607853 40.726879
-58.626163 40.722900
-58.644493 40.718979
-58.662846 40.715111
-58.662846 40.715111
-58.681217 40.711304
-58.699604 40.707558
-58.718014 40.703865
-58.736443 40.700230
-58.754890 40.696655
-58.773354 40.693138
-58.791836 40.689678
-58.810337 40.686275
-58.828857 40.682934
-58.847389 40.679649
-58.865944 40.676422
-58.884510 40.673252
-58.903095 40.670143
-58.921696 40.667091
-58.940311 40.664097
-58.958942 40.661163
-58.977589 40.658287
-58.996246 40.655472
-59.014923 40.652710
-59.033611 40.650013
-59.052315 40.647369
-59.071030 40.644787
-59.089760 40.642265
-59.108501 40.639801
-59.127254 40.637394
-59.146023 40.635048
-59.164799 40.632759
-59.183590 40.630531
-59.202393 40.628361
-59.221203 40.626247
-59.240028 40.624199
-59.258862 40.622204
-59.277706 40.620274
-59.296558 40.618397
-59.315422 40.616585
-59.334293 40.614826
-59.353172 40.613132
-59.372063 40.611496
-59.390961 40.609917
-59.409866 40.608398
-59.428780 40.606941
-59.447701 40.605541
-59.466625 40.604202
-59.485561 40.602924
-59.504501 40.601704
-59.523449 40.600540
-59.542400 40.599442
-59.561359 40.598400
-59.580322 40.597416
-59.580322 40.597416
-59.599289 40.596493
-59.618263 40.595631
-59.637238 40.594826
-59.656219 40.594082
-59.675205 40.593399
-59.694191 40.592777
-59.713184 40.592209
-59.732178 40.591705
-59.751175 40.591259
-59.770172 40.590874
-59.789173 40.590549
-59.808174 40.590282
-59.827175 40.590076
-59.844322 40.589943
-59.863228 40.589588
-59.882137 40.589294
-59.901047 40.589062
-59.919956 40.588886
-59.938869 40.588768
-59.957779 40.588711
-59.976692 40.588711
-59.995605 40.588772
-60.014515 40.588894
-60.033428 40.589073
-60.052338 40.589310
-60.071243 40.589607
-60.090153 40.589966
-60.109055 40.590382
-60.127956 40.590855
-60.146858 40.591389
-60.165756 40.591984
-60.184647 40.592636
-60.203537 40.593346
-60.222424 40.594116
-60.241306 40.594948
-60.260185 40.595837
-60.279060 40.596783
-60.297928 40.597790
-60.316792 40.598854
-60.335648 40.599979
-60.354500 40.601166
-60.373344 40.602406
-60.392185 40.603706
-60.396107 40.603985
-60.396111 40.603985
-60.415123 40.605080
-60.434128 40.606236
-60.453129 40.607449
-60.453129 40.607449
-60.472122 40.608727
-60.491108 40.610058
-60.510086 40.611454
-60.529060 40.612907
-60.548023 40.614422
-60.566982 40.615993
-60.585930 40.617626
-60.604870 40.619320
-60.623802 40.621075
-60.642723 40.622887
-60.661636 40.624760
-60.680538 40.626690
-60.699429 40.628681
-60.718311 40.630730
-60.737183 40.632843
-60.756046 40.635010
-60.774895 40.637241
-60.793732 40.639530
-60.812557 40.641876
-60.831371 40.644283
-60.850170 40.646751
-60.868958 40.649277
-60.887733 40.651859
-60.906494 40.654503
-60.925243 40.657207
-60.943977 40.659969
-60.962696 40.662792
-60.981400 40.665672
-61.000088 40.668610
-61.018761 40.671608
-61.037422 40.674667
-61.056065 40.677780
-61.074688 40.680954
-61.093300 40.684189
-61.111893 40.687481
-61.130466 40.690830
-61.149025 40.694241
-61.167568 40.697708
-61.186089 40.701233
-61.204594 40.704815
-61.223080 40.708458
-61.241547 40.712158
-61.259991 40.715919
-61.278419 40.719734
-61.296829 40.723610
-61.315216 40.727543
-61.333584 40.731533
-61.351929 40.735580
-61.370255 40.739689
-61.370255 40.739689
-61.388557 40.743851
-61.406841 40.748074
-61.425098 40.752354
-61.443336 40.756691
-61.461552 40.761082
-61.479744 40.765533
-61.497913 40.770042
-61.516060 40.774609
-61.534184 40.779232
-61.552280 40.783913
-61.570354 40.788651
-61.588402 40.793446
-61.606426 40.798298
-61.624424 40.803204
-61.642399 40.808167
-61.660343 40.813190
-61.678265 40.818268
-61.696159 40.823402
-61.714027 40.828590
-61.731865 40.833836
-61.749680 40.839142
-61.767464 40.844498
-61.785221 40.849915
-61.802952 40.855385
-61.820652 40.860912
-61.838322 40.866493
-61.855965 40.872131
-61.873577 40.877823
-61.891159 40.883572
-61.908714 40.889378
-61.926235 40.895237
-61.943729 40.901150
-61.961189 40.907120
-61.978619 40.913147
-61.996017 40.919224
-62.013382 40.925358
-62.030716 40.931549
-62.048019 40.937790
-62.065289 40.944088
-62.082523 40.950439
-62.099728 40.956848
-62.116898 40.963306
-62.134033 40.969822
-62.151134 40.976391
-62.168201 40.983013
-62.185230 40.989689
-62.202229 40.996418
-62.219189 41.003201
-62.236115 41.010036
-62.236115 41.010036
-62.253006 41.016926
-62.269859 41.023869
-62.284473 41.029945
-62.284466 41.029945
-62.299721 41.021336
-62.315022 41.012775
-62.330368 41.004261
-62.345757 40.995792
-62.361191 40.987377
-62.376667 40.979008
-62.392189 40.970684
-62.407753 40.962414
-62.423359 40.954189
-62.439011 40.946018
-62.447601 40.941559
-62.447598 40.941563
-62.462292 40.932308
-62.477032 40.923100
-62.491817 40.913937
-62.506657 40.904823
-62.521542 40.895756
-62.536472 40.886734
-62.551453 40.877762
-62.566479 40.868835
-62.581554 40.859955
-62.596672 40.851124
-62.611839 40.842342
-62.627052 40.833607
-62.642311 40.824921
-62.657616 40.816284
-62.672962 40.807693
-62.688358 40.799152
-62.703796 40.790661
-62.719280 40.782215
-62.734806 40.773823
-62.750378 40.765476
-62.765991 40.757183
-62.781651 40.748936
-62.797348 40.740738
-62.813095 40.732590
-62.828880 40.724495
-62.844707 40.716446
-62.860577 40.708450
-62.876492 40.700500
-62.892445 40.692604
-62.908436 40.684757
-62.924473 40.676964
-62.940548 40.669220
-62.956665 40.661526
-62.956665 40.661526
-62.972820 40.653881
-62.989017 40.646290
-63.005253 40.638752
-63.021526 40.631260
-63.037838 40.623825
-63.054192 40.616440
-63.070580 40.609104
-63.087009 40.601822
-63.103474 40.594593
-63.119976 40.587414
-63.136517 40.580288
-63.153095 40.573215
-63.169708 40.566196
-63.186359 40.559227
-63.203045 40.552311
-63.219765 40.545448
-63.236523 40.538639
-63.253315 40.531883
-63.270145 40.525181
-63.287006 40.518532
-63.303902 40.511936
-63.320831 40.505390
-63.337795 40.498901
-63.354794 40.492466
-63.371826 40.486084
-63.388889 40.479755
-63.405987 40.473484
-63.423115 40.467262
-63.440273 40.461098
-63.457466 40.454987
-63.474689 40.448929
-63.491947 40.442928
-63.509232 40.436981
-63.526546 40.431087
-63.543896 40.425251
-63.561272 40.419468
-63.578678 40.413738
-63.596111 40.408066
-63.613579 40.402451
-63.631073 40.396885
-63.648594 40.391380
-63.666145 40.385929
-63.683723 40.380531
-63.701328 40.375195
-63.718964 40.369907
-63.736622 40.364681
-63.754311 40.359509
-63.772022 40.354393
-63.788731 40.349625
-63.788731 40.349625
-63.806515 40.343563
-63.824333 40.337559
-63.842182 40.331612
-63.860062 40.325726
-63.877975 40.319897
-63.895920 40.314125
-63.913891 40.308411
-63.931896 40.302757
-63.949928 40.297165
-63.967991 40.291626
-63.986080 40.286148
-64.004204 40.280731
-64.022354 40.275372
-64.040527 40.270073
-64.058731 40.264832
-64.076965 40.259651
-64.095222 40.254528
-64.113510 40.249466
-64.131828 40.244465
-64.150162 40.239521
-64.168533 40.234638
-64.186920 40.229816
-64.205338 40.225052
-64.223778 40.220348
-64.242249 40.215706
-64.260735 40.211124
-64.279251 40.206600
-64.297791 40.202141
-64.316353 40.197739
-64.334938 40.193398
-64.353539 40.189117
-64.372169 40.184898
-64.390823 40.180740
-64.409500 40.176640
-64.428192 40.172604
-64.446907 40.168629
-64.465645 40.164715
-64.484398 40.160858
-64.503181 40.157066
-64.521973 40.153336
-64.540794 40.149666
-64.559631 40.146057
-64.578484 40.142509
-64.597359 40.139023
-64.616249 40.135601
-64.635155 40.132236
-64.654083 40.128937
-64.673027 40.125698
-64.673027 40.125698
-64.691986 40.122520
-64.710960 40.119404
-64.729958 40.116352
-64.748970 40.113361
-64.767990 40.110432
-64.787033 40.107563
-64.806084 40.104759
-64.825157 40.102016
-64.844238 40.099335
-64.863335 40.096718
-64.882446 40.094162
-64.901573 40.091667
-64.920708 40.089233
-64.939857 40.086864
-64.959023 40.084560
-64.978195 40.082314
-64.997383 40.080132
-65.016579 40.078014
-65.035789 40.075958
-65.055008 40.073963
-65.074234 40.072033
-65.093475 40.070164
-65.112724 40.068359
-65.131981 40.066616
-65.151245 40.064938
-65.170525 40.063320
-65.189804 40.061764
-65.209099 40.060276
-65.228401 40.058846
-65.247704 40.057480
-65.267021 40.056179
-65.286339 40.054939
-65.305664 40.053764
-65.324997 40.052650
-65.344337 40.051598
-65.363678 40.050613
-65.383026 40.049686
-65.402382 40.048828
-65.421738 40.048031
-65.441101 40.047295
-65.460464 40.046623
-65.479836 40.046013
-65.499207 40.045471
-65.518585 40.044987
-65.537956 40.044567
-65.557335 40.044212
-65.576721 40.043922
-65.596100 40.043690
-65.615486 40.043526
-65.615486 40.043526
-65.634865 40.043423
-65.654251 40.043385
-65.673637 40.043407
-65.693016 40.043495
-65.699722 40.451389
-67.468056 42.518890
-67.743057 42.887222
-67.279442 44.186668
-67.282219 44.201668
-67.300552 44.347221
-67.304169 44.376667
-67.304443 44.393333
-67.301666 44.398888
-67.266945 44.469444
-67.253052 44.496387
-67.252502 44.496944
-67.232498 44.513054
-67.196388 44.542778
-67.191948 44.549168
-67.189445 44.552223
-67.157501 44.582500
-67.119164 44.600555
-67.107224 44.606388
-67.039444 44.624168
-67.037224 44.629444
-67.031944 44.636391
-67.028336 44.641945
-67.019447 44.653057
-67.013054 44.660000
-67.011108 44.662224
-67.007225 44.670555
-67.004723 44.675835
-67.003334 44.677223
-66.987778 44.695278
-66.981941 44.699165
-66.973892 44.704723
-66.967499 44.710835
-66.963333 44.716110
-66.957497 44.722778
-66.953888 44.727222
-66.949165 44.734165
-66.948334 44.735279
-66.944725 44.739723
-66.943336 44.741665
-66.933891 44.751389
-66.927780 44.754723
-66.926392 44.755833
-66.917778 44.762222
-66.903130 44.776485
0 0
